0.080737 0.00053358 0.8 3.64 0.0312224 0.0425759 0.00693874
0.034535 0.000225364 3.64 5.37 0.0141729 0.0178755 0.00248666
0.0474666 0.00040956 5.37 7.76 0.0122164 0.0313423 0.00390793
0.0490122 0.000300921 7.76 11 0.0135529 0.0354593 8.54153e-09
0.0628013 0.00526039 11 15.3 0.0192653 0.043536 2.25759e-09
0.0894865 0.00663804 15.3 21.1 0.0275768 0.0600069 0.00190286
0.0483686 0.00992525 21.1 28.8 0.023303 0.0250655 4.16446e-08
0.0834584 0.0058975 28.8 38.9 0.0483246 0.0335605 0.00157321
0.0901211 0.00826441 38.9 52.2 0.0324246 0.0562813 0.00141519
0.168236 0.00927161 52.2 69.7 0.0624196 0.103003 0.00281362
0.0422624 0.00120324 69.7 93 0 0.0385792 0.00368321
0.0657932 0.00239554 93 125 0 0.0596927 0.00610053
0.0912909 0.00402672 125 175 0 0.0856916 0.00559931
0.149653 0.00899467 175 259 0 0.149653 0
0.130481 0.0415671 259 441 0 0.130481 0
0.12538 0.035072 441 3000 0 0.12538 0
