0.468735 0.0388797 0.8 1.51 0.113119 0.0211071 0.355617 0.0329521 1.10402e-08 1.22233e-05
0.25035 0.0111183 1.51 2.4 0.0273677 0.00448623 0.222982 0.00964848 2.76141e-07 8.41669e-05
0.182553 0.00657858 2.4 3.64 0.0227321 0.00251459 0.15982 0.00580334 5.45982e-07 6.02771e-05
0.156483 0.00506537 3.64 5.37 0.0180901 0.00191884 0.13817 0.00449757 0.000222716 9.34767e-05
0.144128 0.0048689 5.37 7.76 0.0199159 0.00177361 0.124213 0.00435856 5.75448e-09 5.55045e-06
0.137781 0.00505331 7.76 11 0.024921 0.00199289 0.112619 0.0044583 0.000240949 4.31192e-05
0.111884 0.00546901 11 15.3 0.0250673 0.000199908 0.0864808 0.00546603 0.000335866 2.88805e-05
0.138223 0.00716454 15.3 21.1 0.0238059 0.00288434 0.114417 0.00626218 9.53889e-08 3.20081e-05
0.174402 0.00804298 21.1 28.8 0.0454206 0.00336862 0.128493 0.00709699 0.000488033 1.48647e-05
0.171295 0.0101761 28.8 38.9 0.0566266 0.00449956 0.114661 0.00885171 7.07748e-06 0.000409249
0.219995 0.0136527 38.9 52.2 0.0698474 0.00599789 0.150147 0.0120343 4.53358e-07 0.000101359
0.235513 0.018676 52.2 69.7 0.0625368 0.00786931 0.172976 0.0165595 2.04292e-08 2.38194e-05
0.237381 0.0258109 69.7 93 0.116348 0.0133742 0.121033 0.0210204 9.13914e-10 2.90369e-06
0.278266 0.0313637 93 125 0.110366 0.0174497 0.1679 0.0254493 0 0
0.275273 0.022247 125 175 0.182199 0.0218453 0.0930742 0.0043821 0 0
0.328033 0.0293982 175 259 0.15302 0.0274763 0.175013 0.0108291 0 0
0.374507 0.0338001 259 3000 0.210766 0.0321873 0.163741 0.0104616 0 0
