0.277978 0 0.8 1.33
0.3395 0.0197889 1.33 1.92
0.236065 0.0100516 1.92 2.67
0.2093 0.00757366 2.67 3.64
0.188475 0.00637569 3.64 4.88
0.200537 0.00572414 4.88 6.47
0.206366 0.00577129 6.47 8.48
0.19196 0.00626402 8.48 11
0.197279 0.00746139 11 14.1
0.203347 0.008375 14.1 18
0.187071 0.00982998 18 22.8
0.22429 0.010704 22.8 28.8
0.214202 0.0123999 28.8 36.1
0.24014 0.0153928 36.1 45.1
0.244818 0.0205878 45.1 56.1
0.231844 0.0225103 56.1 69.7
0.271687 0.0253301 69.7 86.5
0.307406 0.0358426 86.5 108
0.192681 0.0425824 108 135
0.366786 0.0503191 135 175
0.299616 0.0589284 175 233
0.434889 0.0671048 233 330
0.617912 0.101116 330 525
9.89498e-05 0.00744961 525 1200
0.0384615 0 1200 3000
