0.00145 5.25402e-11 0.8 3.64 0.000844913 2.38412e-11 0.000442065 1.3342e-11 0.000163021 3.29855e-11
0.000646104 6.72762e-11 3.64 5.37 8.48067e-05 1.97076e-11 0.000407173 1.24611e-11 0.000154125 6.20277e-11
0.00065135 5.39881e-11 5.37 7.76 8.52344e-05 1.72009e-11 0.000404767 9.72154e-12 0.000161349 4.96101e-11
0.00233546 4.82086e-11 7.76 11 8.46989e-05 2.00119e-11 0.00209432 3.89986e-11 0.000156443 6.73115e-12
0.00223113 1.06739e-10 11 15.3 8.51825e-05 2.65384e-11 0.00204807 8.65309e-11 9.78777e-05 4.29559e-11
0.00221781 4.15777e-09 15.3 21.1 8.49548e-05 6.89359e-10 0.00204572 3.97502e-09 8.71301e-05 1.01138e-09
0.00416265 3.05236e-08 21.1 28.8 8.53531e-05 1.10994e-09 0.00397675 2.78946e-08 0.00010054 1.24057e-08
0.00408984 1.72606e-07 28.8 38.9 8.56293e-05 6.45402e-08 0.00390119 1.30369e-07 0.000103016 9.34923e-08
1.0493e-09 5.82741e-07 38.9 52.2 8.53378e-10 5.42549e-07 5.39265e-11 1.2768e-07 1.4199e-10 1.70073e-07
2.44439e-05 0.000242314 52.2 69.7 4.77507e-08 3.84097e-06 2.24075e-05 0.000239084 1.98865e-06 3.96134e-05
5.87871e-08 9.70536e-06 69.7 93 8.29679e-13 2.20691e-08 5.47941e-08 9.58148e-06 3.99221e-09 1.54475e-06
0.000383754 2.73118e-06 93 125 0.000383754 2.71986e-06 4.22078e-11 2.03536e-07 5.32025e-11 1.51322e-07
0.000596283 6.1124e-06 125 175 0.000596267 5.02797e-06 2.4295e-09 1.50167e-06 1.2979e-08 3.13651e-06
0.000912777 0.000133762 175 259 0.000912705 0.000132633 7.13909e-08 1.73072e-05 8.63007e-11 2.22862e-07
0.000823617 1.17257e-05 259 3000 0.000823605 1.13111e-05 4.33145e-10 9.92495e-07 1.14441e-08 2.91725e-06
