0.0312903 0.00707832 0.8 1.92 0.0220304 0.000861453 0.00733969 0.000177235 0.00192017 0.00703545
0.0104539 8.46517e-05 1.92 2.67 0.007634 5.5514e-05 0.00230058 4.22085e-05 0.00051931 8.40546e-06
0.00390514 2.12185e-05 2.67 3.64 1.13e-08 2.56289e-06 0.00133877 8.10783e-06 0.00256635 1.35975e-05
0.0105039 0.00198128 3.64 4.88 0.0105039 0.00198126 6.75275e-08 7.28998e-06 8.7945e-12 9.22631e-08
0.00303461 0.00265382 4.88 6.47 0.00204875 0.00181758 0.00039344 0.00185134 0.000592425 4.68709e-06
0.0090243 0.00606244 6.47 8.48 0.00878698 0.00168695 2.63262e-06 0.00058504 0.000234687 0.00612209
0.0137342 7.63027e-05 8.48 11 0.0137342 7.59763e-05 2.08136e-08 4.77944e-06 2.38023e-08 5.76373e-06
2.58128e-06 0.000644691 11 14.1 2.53665e-06 0.000644669 3.80905e-08 1.09843e-05 6.53752e-09 4.55084e-06
0.000123925 5.129e-05 14.1 18 2.41241e-08 1.32653e-05 1.53195e-07 2.36171e-05 0.000123747 4.36408e-05
0.0126112 0.000149657 18 22.8 0.00521412 0.000135372 0.00724312 4.1091e-05 0.000153955 1.20801e-06
0.00492031 0.000119494 22.8 28.8 0.00302586 0.00010983 0.00172505 4.17064e-05 0.000169397 2.33502e-06
0.00690869 8.0796e-05 28.8 36.1 0.0040988 3.36968e-05 0.00236189 6.33999e-05 0.000448004 8.87551e-06
2.26208e-08 1.65461e-05 36.1 45.1 1.60084e-08 1.57952e-05 6.45473e-09 4.88832e-06 1.57671e-10 6.39576e-07
0.0059151 0.00108886 45.1 56.1 0.000848619 0.0001194 0.00506648 0.0010815 0 0
0.0153933 0.000315709 56.1 69.7 0.00127699 1.7778e-05 0.0141163 0.000306247 0 0
0.0116029 0.000242576 69.7 86.5 0.00181067 2.74094e-05 0.00979226 0.000223476 0 0
0.025032 0.00950479 86.5 108 0.00252361 4.53796e-05 0.0225084 0.00950465 0 0
0.0582275 0.00864814 108 135 0.0526235 0.008647 0 0 0.00560396 0.000133807
0.0755991 0.0154228 135 175 0.0296554 0.00820315 0.0459437 0.0126682 2.69969e-47 1.6665e-44
0.114844 0.0163978 175 233 0.114844 0.0163978 7.18293e-08 2.58858e-05 2.72487e-09 5.6297e-06
0.517357 0.0156105 233 3000 0.517357 0.0156105 1.81033e-07 2.48085e-05 7.66623e-10 1.2387e-06
