9.594e-2	1.2248e-4
1.007e-1	1.3871e-4
1.057e-1	1.5709e-4
1.109e-1	1.7791e-4
1.164e-1	2.0151e-4
1.221e-1	2.2826e-4
1.281e-1	2.5856e-4
1.345e-1	2.9289e-4
1.411e-1	3.3179e-4
1.481e-1	3.7584e-4
1.554e-1	4.2573e-4
1.631e-1	4.8221e-4
1.712e-1	5.4616e-4
1.796e-1	6.1852e-4
1.885e-1	7.0040e-4
1.979e-1	7.9302e-4
2.076e-1	8.9774e-4
2.179e-1	1.0161e-3
2.287e-1	1.1498e-3
2.400e-1	1.3009e-3
2.519e-1	1.4714e-3
2.644e-1	1.6637e-3
2.775e-1	1.8806e-3
2.913e-1	2.1250e-3
3.058e-1	2.4001e-3
3.209e-1	2.7097e-3
3.369e-1	3.0577e-3
3.536e-1	3.4485e-3
3.712e-1	3.8871e-3
3.897e-1	4.3787e-3
4.092e-1	4.9293e-3
4.296e-1	5.5453e-3
4.510e-1	6.2334e-3
4.736e-1	7.0009e-3
4.973e-1	7.8551e-3
5.222e-1	8.8034e-3
5.484e-1	9.8533e-3
5.760e-1	1.1012e-2
6.050e-1	1.2287e-2
6.355e-1	1.3684e-2
6.676e-1	1.5207e-2
7.015e-1	1.6858e-2
7.371e-1	1.8639e-2
7.747e-1	2.0550e-2
8.143e-1	2.2587e-2
8.560e-1	2.4748e-2
9.001e-1	2.7020e-2
9.466e-1	2.9388e-2
9.957e-1	3.1830e-2
1.048e+0	3.4316e-2
1.102e+0	3.6812e-2
1.161e+0	3.9273e-2
1.222e+0	4.1649e-2
1.287e+0	4.3889e-2
1.356e+0	4.5942e-2
1.430e+0	4.7762e-2
1.508e+0	4.9306e-2
1.591e+0	5.0534e-2
1.679e+0	5.1403e-2
1.773e+0	5.1868e-2
1.873e+0	5.1899e-2
1.980e+0	5.1462e-2
2.095e+0	5.0510e-2
2.218e+0	4.9009e-2
2.349e+0	4.6971e-2
2.491e+0	4.4443e-2
2.643e+0	4.1506e-2
2.806e+0	3.8271e-2
2.983e+0	3.4850e-2
3.173e+0	3.1329e-2
3.379e+0	2.7810e-2
3.601e+0	2.4394e-2
3.843e+0	2.1169e-2
4.104e+0	1.8196e-2
4.389e+0	1.5515e-2
4.698e+0	1.3147e-2
5.035e+0	1.1088e-2
5.402e+0	9.3132e-3
5.803e+0	7.7962e-3
6.241e+0	6.5072e-3
6.720e+0	5.4095e-3
7.243e+0	4.4750e-3
7.817e+0	3.6814e-3
8.445e+0	3.0100e-3
9.133e+0	2.4475e-3
9.889e+0	1.9813e-3
1.072e+1	1.6003e-3
1.163e+1	1.2890e-3
1.263e+1	1.0340e-3
1.373e+1	8.2573e-4
1.493e+1	6.5659e-4
1.626e+1	5.1993e-4
1.772e+1	4.1004e-4
1.933e+1	3.2210e-4
2.109e+1	2.5205e-4
2.304e+1	1.9640e-4
2.518e+1	1.5237e-4
2.753e+1	1.1779e-4
3.012e+1	9.0805e-5
3.297e+1	6.9839e-5
3.611e+1	5.3603e-5
3.957e+1	4.1063e-5
4.337e+1	3.1400e-5
4.756e+1	2.3968e-5
5.217e+1	1.8268e-5
5.725e+1	1.3906e-5
6.284e+1	1.0576e-5
6.900e+1	8.0366e-6
7.578e+1	6.1032e-6
8.324e+1	4.6327e-6
9.146e+1	3.5151e-6
1.005e+2	2.6662e-6
1.105e+2	2.0209e-6
1.214e+2	1.5310e-6
1.335e+2	1.1598e-6
1.468e+2	8.7890e-7
1.615e+2	6.6632e-7
1.776e+2	5.0548e-7
1.954e+2	3.8377e-7
2.149e+2	2.9161e-7
2.365e+2	2.2182e-7
2.602e+2	1.6893e-7
2.863e+2	1.2883e-7
3.151e+2	9.8398e-8
3.468e+2	7.5271e-8
3.816e+2	5.7673e-8
4.200e+2	4.4261e-8
4.623e+2	3.4024e-8
5.089e+2	2.6196e-8
5.602e+2	2.0199e-8
6.167e+2	1.5597e-8
6.789e+2	1.2059e-8
7.473e+2	9.3349e-9
8.227e+2	7.2339e-9
9.058e+2	5.6112e-9
9.972e+2	4.3563e-9
1.098e+3	3.3851e-9
1.209e+3	2.6323e-9
1.331e+3	2.0482e-9
1.465e+3	1.5945e-9
1.613e+3	1.2419e-9
1.776e+3	9.6769e-10
1.956e+3	7.5434e-10
2.154e+3	5.8840e-10
2.371e+3	4.5922e-10
2.611e+3	3.5853e-10
2.875e+3	2.7999e-10
3.166e+3	2.1870e-10
3.486e+3	1.7087e-10
3.839e+3	1.3353e-10
4.227e+3	1.0437e-10
4.654e+3	8.1599e-11
5.125e+3	6.3805e-11
5.643e+3	4.9900e-11
6.214e+3	3.9032e-11
6.843e+3	3.0536e-11
7.535e+3	2.3894e-11
8.297e+3	1.8699e-11
9.136e+3	1.4636e-11
1.006e+4	1.1457e-11
1.108e+4	8.9699e-12
1.220e+4	7.0237e-12
1.343e+4	5.5005e-12
1.479e+4	4.3082e-12
1.629e+4	3.3747e-12
1.794e+4	2.6438e-12
1.975e+4	2.0715e-12
2.175e+4	1.6232e-12
2.395e+4	1.2721e-12
2.637e+4	9.9702e-13
2.904e+4	7.8150e-13
3.198e+4	6.1263e-13
3.522e+4	4.8030e-13
3.878e+4	3.7658e-13
4.270e+4	2.9529e-13
4.702e+4	2.3156e-13
5.178e+4	1.8160e-13
5.702e+4	1.4243e-13
6.279e+4	1.1172e-13
6.914e+4	8.7635e-14
7.614e+4	6.8747e-14
8.384e+4	5.3934e-14
9.233e+4	4.2315e-14
1.017e+5	3.3201e-14
1.120e+5	2.6052e-14
1.233e+5	2.0443e-14
1.358e+5	1.6042e-14
1.495e+5	1.2590e-14
1.646e+5	9.8805e-15
1.813e+5	7.7547e-15
1.996e+5	6.0866e-15
2.198e+5	4.7774e-15
2.421e+5	3.7500e-15
2.665e+5	2.9437e-15
2.935e+5	2.3108e-15
3.232e+5	1.8140e-15
3.559e+5	1.4241e-15
3.919e+5	1.1180e-15
4.316e+5	8.7776e-16
4.753e+5	6.8915e-16
5.234e+5	5.4108e-16
5.763e+5	4.2483e-16
6.346e+5	3.3357e-16
6.988e+5	2.6192e-16
7.695e+5	2.0566e-16
8.474e+5	1.6149e-16
9.332e+5	1.2681e-16
1.028e+6	9.9577e-17
1.132e+6	7.8195e-17
1.246e+6	6.1405e-17
1.372e+6	4.8222e-17
1.511e+6	3.7869e-17
1.664e+6	2.9739e-17
1.832e+6	2.3333e-17
2.018e+6	1.8137e-17
2.222e+6	1.4092e-17