8.889e-2	6.7589e-5
9.328e-2	7.6237e-5
9.789e-2	8.5664e-5
1.027e-1	9.6193e-5
1.078e-1	1.0802e-4
1.131e-1	1.2131e-4
1.187e-1	1.3625e-4
1.246e-1	1.5306e-4
1.307e-1	1.7194e-4
1.372e-1	1.9317e-4
1.440e-1	2.1703e-4
1.511e-1	2.4385e-4
1.586e-1	2.7398e-4
1.664e-1	3.0782e-4
1.747e-1	3.4583e-4
1.833e-1	3.8850e-4
1.924e-1	4.3640e-4
2.019e-1	4.9014e-4
2.119e-1	5.5042e-4
2.224e-1	6.1798e-4
2.334e-1	6.9368e-4
2.450e-1	7.7845e-4
2.571e-1	8.7331e-4
2.699e-1	9.7938e-4
2.833e-1	1.0979e-3
2.974e-1	1.2302e-3
3.121e-1	1.3778e-3
3.276e-1	1.5422e-3
3.439e-1	1.7251e-3
3.611e-1	1.9285e-3
3.791e-1	2.1543e-3
3.980e-1	2.4046e-3
4.178e-1	2.6818e-3
4.387e-1	2.9884e-3
4.607e-1	3.3269e-3
4.838e-1	3.6999e-3
5.081e-1	4.1098e-3
5.336e-1	4.5593e-3
5.605e-1	5.0505e-3
5.888e-1	5.5858e-3
6.185e-1	6.1673e-3
6.499e-1	6.7962e-3
6.829e-1	7.4737e-3
7.177e-1	8.2000e-3
7.544e-1	8.9746e-3
7.931e-1	9.7973e-3
8.339e-1	1.0668e-2
8.770e-1	1.1586e-2
9.225e-1	1.2549e-2
9.706e-1	1.3553e-2
1.021e+0	1.4592e-2
1.075e+0	1.5660e-2
1.132e+0	1.6748e-2
1.193e+0	1.7843e-2
1.257e+0	1.8932e-2
1.325e+0	2.0002e-2
1.397e+0	2.1044e-2
1.474e+0	2.2030e-2
1.555e+0	2.2923e-2
1.643e+0	2.3695e-2
1.735e+0	2.4323e-2
1.835e+0	2.4779e-2
1.941e+0	2.5026e-2
2.055e+0	2.5044e-2
2.177e+0	2.4783e-2
2.308e+0	2.4227e-2
2.448e+0	2.3380e-2
2.600e+0	2.2238e-2
2.763e+0	2.0835e-2
2.940e+0	1.9252e-2
3.130e+0	1.7534e-2
3.336e+0	1.5726e-2
3.560e+0	1.3882e-2
3.803e+0	1.2067e-2
4.066e+0	1.0365e-2
4.353e+0	8.8187e-3
4.665e+0	7.4482e-3
5.005e+0	6.2600e-3
5.377e+0	5.2371e-3
5.782e+0	4.3632e-3
6.226e+0	3.6256e-3
6.711e+0	3.0015e-3
7.242e+0	2.4722e-3
7.824e+0	2.0247e-3
8.462e+0	1.6469e-3
9.162e+0	1.3315e-3
9.930e+0	1.0716e-3
1.077e+1	8.6145e-4
1.170e+1	6.9119e-4
1.272e+1	5.5339e-4
1.384e+1	4.4203e-4
1.507e+1	3.5203e-4
1.642e+1	2.7937e-4
1.791e+1	2.2089e-4
1.954e+1	1.7402e-4
2.134e+1	1.3660e-4
2.333e+1	1.0679e-4
2.551e+1	8.3127e-5
2.791e+1	6.4490e-5
3.055e+1	4.9900e-5
3.346e+1	3.8521e-5
3.666e+1	2.9674e-5
4.018e+1	2.2812e-5
4.407e+1	1.7500e-5
4.834e+1	1.3395e-5
5.304e+1	1.0233e-5
5.822e+1	7.8048e-6
6.392e+1	5.9434e-6
7.020e+1	4.5196e-6
7.712e+1	3.4323e-6
8.473e+1	2.6034e-6
9.312e+1	1.9724e-6
1.023e+2	1.4925e-6
1.125e+2	1.1274e-6
1.237e+2	8.5042e-7
1.360e+2	6.4090e-7
1.496e+2	4.8272e-7
1.646e+2	3.6345e-7
1.810e+2	2.7359e-7
1.991e+2	2.0595e-7
2.191e+2	1.5504e-7
2.411e+2	1.1675e-7
2.653e+2	8.7954e-8
2.919e+2	6.6305e-8
3.213e+2	5.0023e-8
3.536e+2	3.7773e-8
3.892e+2	2.8550e-8
4.283e+2	2.1600e-8
4.715e+2	1.6359e-8
5.190e+2	1.2402e-8
5.713e+2	9.4111e-9
6.289e+2	7.1480e-9
6.924e+2	5.4336e-9
7.622e+2	4.1335e-9
8.392e+2	3.1467e-9
9.239e+2	2.3969e-9
1.017e+3	1.8267e-9
1.120e+3	1.3928e-9
1.233e+3	1.0624e-9
1.358e+3	8.1071e-10
1.495e+3	6.1884e-10
1.646e+3	4.7251e-10
1.812e+3	3.6089e-10
1.995e+3	2.7572e-10
2.197e+3	2.1080e-10
2.419e+3	1.6127e-10
2.664e+3	1.2341e-10
2.933e+3	9.4459e-11
3.230e+3	7.2317e-11
3.556e+3	5.5377e-11
3.916e+3	4.2415e-11
4.312e+3	3.2494e-11
4.748e+3	2.4900e-11
5.228e+3	1.9085e-11
5.757e+3	1.4632e-11
6.340e+3	1.1221e-11
6.981e+3	8.6073e-12
7.687e+3	6.6042e-12
8.465e+3	5.0687e-12
9.321e+3	3.8913e-12
1.026e+4	2.9883e-12
1.130e+4	2.2955e-12
1.245e+4	1.7639e-12
1.370e+4	1.3558e-12
1.509e+4	1.0425e-12
1.662e+4	8.0179e-13
1.830e+4	6.1688e-13
2.015e+4	4.7477e-13
2.219e+4	3.6551e-13
2.443e+4	2.8149e-13
2.691e+4	2.1686e-13
2.963e+4	1.6712e-13
3.263e+4	1.2883e-13
3.593e+4	9.9347e-14
3.956e+4	7.6637e-14
4.357e+4	5.9137e-14
4.797e+4	4.5649e-14
5.283e+4	3.5248e-14
5.817e+4	2.7226e-14
6.406e+4	2.1036e-14
7.054e+4	1.6259e-14
7.768e+4	1.2571e-14
8.554e+4	9.7220e-15
9.419e+4	7.5211e-15
1.037e+5	5.8203e-15
1.142e+5	4.5054e-15
1.258e+5	3.4886e-15
1.385e+5	2.7020e-15
1.525e+5	2.0934e-15
1.679e+5	1.6223e-15
1.849e+5	1.2576e-15
2.037e+5	9.7511e-16
2.243e+5	7.5629e-16
2.469e+5	5.8672e-16
2.719e+5	4.5528e-16
2.995e+5	3.5337e-16
3.298e+5	2.7434e-16
3.631e+5	2.1304e-16
3.999e+5	1.6547e-16
4.403e+5	1.2855e-16
4.849e+5	9.9888e-17
5.339e+5	7.7633e-17
5.880e+5	6.0350e-17
6.475e+5	4.6923e-17
7.130e+5	3.6491e-17
7.851e+5	2.8383e-17
8.645e+5	2.2081e-17
9.520e+5	1.7181e-17
1.048e+6	1.3370e-17
1.154e+6	1.0407e-17
1.271e+6	8.1015e-18
1.400e+6	6.3078e-18
1.542e+6	4.9120e-18
1.697e+6	3.8256e-18
1.869e+6	2.9797e-18
2.058e+6	2.2961e-18