9.299e-2	5.2524e-3
9.758e-2	5.8914e-3
1.024e-1	6.5874e-3
1.075e-1	7.3648e-3
1.128e-1	8.2334e-3
1.183e-1	9.2037e-3
1.242e-1	1.0287e-2
1.303e-1	1.1496e-2
1.368e-1	1.2846e-2
1.435e-1	1.4351e-2
1.506e-1	1.6029e-2
1.581e-1	1.7899e-2
1.659e-1	1.9982e-2
1.741e-1	2.2300e-2
1.827e-1	2.4879e-2
1.918e-1	2.7746e-2
2.013e-1	3.0930e-2
2.112e-1	3.4465e-2
2.217e-1	3.8386e-2
2.327e-1	4.2730e-2
2.442e-1	4.7539e-2
2.563e-1	5.2856e-2
2.690e-1	5.8728e-2
2.823e-1	6.5205e-2
2.964e-1	7.2341e-2
3.111e-1	8.0190e-2
3.265e-1	8.8811e-2
3.428e-1	9.8263e-2
3.598e-1	1.0861e-1
3.777e-1	1.1990e-1
3.966e-1	1.3220e-1
4.163e-1	1.4555e-1
4.371e-1	1.6001e-1
4.590e-1	1.7563e-1
4.820e-1	1.9247e-1
5.061e-1	2.1055e-1
5.315e-1	2.2988e-1
5.582e-1	2.5046e-1
5.863e-1	2.7226e-1
6.159e-1	2.9523e-1
6.471e-1	3.1928e-1
6.799e-1	3.4434e-1
7.144e-1	3.7026e-1
7.508e-1	3.9685e-1
7.892e-1	4.2387e-1
8.297e-1	4.5101e-1
8.724e-1	4.7795e-1
9.175e-1	5.0435e-1
9.651e-1	5.3000e-1
1.015e+0	5.5473e-1
1.069e+0	5.7785e-1
1.125e+0	5.9866e-1
1.184e+0	6.1645e-1
1.248e+0	6.3089e-1
1.315e+0	6.4150e-1
1.386e+0	6.4763e-1
1.461e+0	6.4863e-1
1.542e+0	6.4363e-1
1.627e+0	6.3172e-1
1.718e+0	6.1205e-1
1.816e+0	5.8388e-1
1.919e+0	5.4724e-1
2.031e+0	5.0313e-1
2.150e+0	4.5387e-1
2.277e+0	4.0249e-1
2.414e+0	3.5205e-1
2.561e+0	3.0508e-1
2.720e+0	2.6326e-1
2.891e+0	2.2739e-1
3.075e+0	1.9738e-1
3.275e+0	1.7228e-1
3.490e+0	1.5075e-1
3.724e+0	1.3187e-1
3.978e+0	1.1511e-1
4.254e+0	1.0016e-1
4.554e+0	8.6830e-2
4.880e+0	7.5021e-2
5.236e+0	6.4647e-2
5.625e+0	5.5519e-2
6.049e+0	4.7520e-2
6.513e+0	4.0558e-2
7.020e+0	3.4505e-2
7.576e+0	2.9262e-2
8.185e+0	2.4745e-2
8.852e+0	2.0885e-2
9.585e+0	1.7580e-2
1.039e+1	1.4753e-2
1.127e+1	1.2344e-2
1.224e+1	1.0291e-2
1.330e+1	8.5424e-3
1.448e+1	7.0604e-3
1.576e+1	5.8124e-3
1.718e+1	4.7655e-3
1.873e+1	3.8895e-3
2.045e+1	3.1621e-3
2.233e+1	2.5608e-3
2.440e+1	2.0646e-3
2.668e+1	1.6569e-3
2.920e+1	1.3251e-3
3.196e+1	1.0566e-3
3.500e+1	8.4021e-4
3.835e+1	6.6651e-4
4.204e+1	5.2753e-4
4.610e+1	4.1662e-4
5.057e+1	3.2830e-4
5.549e+1	2.5826e-4
6.091e+1	2.0287e-4
6.688e+1	1.5916e-4
7.344e+1	1.2473e-4
8.068e+1	9.7659e-5
8.864e+1	7.6397e-5
9.741e+1	5.9720e-5
1.071e+2	4.6647e-5
1.177e+2	3.6386e-5
1.294e+2	2.8356e-5
1.423e+2	2.2088e-5
1.565e+2	1.7200e-5
1.721e+2	1.3389e-5
1.894e+2	1.0421e-5
2.083e+2	8.1100e-6
2.292e+2	6.3108e-6
2.522e+2	4.9106e-6
2.775e+2	3.8210e-6
3.054e+2	2.9733e-6
3.361e+2	2.3139e-6
3.699e+2	1.8009e-6
4.071e+2	1.4018e-6
4.481e+2	1.0912e-6
4.932e+2	8.4962e-7
5.430e+2	6.6159e-7
5.977e+2	5.1525e-7
6.580e+2	4.0133e-7
7.243e+2	3.1263e-7
7.974e+2	2.4357e-7
8.779e+2	1.8978e-7
9.665e+2	1.4788e-7
1.064e+3	1.1523e-7
1.172e+3	8.9745e-8
1.290e+3	6.9891e-8
1.420e+3	5.4427e-8
1.564e+3	4.2384e-8
1.722e+3	3.3003e-8
1.896e+3	2.5697e-8
2.087e+3	2.0008e-8
2.298e+3	1.5587e-8
2.531e+3	1.2146e-8
2.787e+3	9.4641e-9
3.068e+3	7.3735e-9
3.379e+3	5.7441e-9
3.720e+3	4.4742e-9
4.097e+3	3.4846e-9
4.511e+3	2.7135e-9
4.967e+3	2.1128e-9
5.470e+3	1.6448e-9
6.023e+3	1.2803e-9
6.632e+3	9.9644e-10
7.303e+3	7.7540e-10
8.042e+3	6.0331e-10
8.855e+3	4.6934e-10
9.751e+3	3.6507e-10
1.074e+4	2.8393e-10
1.182e+4	2.2079e-10
1.302e+4	1.7167e-10
1.434e+4	1.3345e-10
1.579e+4	1.0373e-10
1.738e+4	8.0623e-11
1.914e+4	6.2652e-11
2.108e+4	4.8681e-11
2.321e+4	3.7821e-11
2.556e+4	2.9380e-11
2.815e+4	2.2820e-11
3.100e+4	1.7723e-11
3.413e+4	1.3763e-11
3.759e+4	1.0686e-11
4.139e+4	8.2966e-12
4.558e+4	6.4407e-12
5.019e+4	4.9995e-12
5.527e+4	3.8804e-12
6.086e+4	3.0115e-12
6.702e+4	2.3370e-12
7.380e+4	1.8134e-12
8.126e+4	1.4070e-12
8.948e+4	1.0916e-12
9.854e+4	8.4679e-13
1.085e+5	6.5685e-13
1.195e+5	5.0948e-13
1.316e+5	3.9515e-13
1.449e+5	3.0645e-13
1.596e+5	2.3765e-13
1.757e+5	1.8428e-13
1.935e+5	1.4289e-13
2.131e+5	1.1079e-13
2.346e+5	8.5896e-14
2.583e+5	6.6591e-14
2.845e+5	5.1623e-14
3.133e+5	4.0017e-14
3.450e+5	3.1019e-14
3.799e+5	2.4043e-14
4.183e+5	1.8635e-14
4.606e+5	1.4443e-14
5.073e+5	1.1193e-14
5.586e+5	8.6743e-15
6.151e+5	6.7221e-15
6.773e+5	5.2091e-15
7.459e+5	4.0364e-15
8.213e+5	3.1277e-15
9.044e+5	2.4234e-15
9.960e+5	1.8777e-15
1.097e+6	1.4548e-15
1.208e+6	1.1272e-15
1.330e+6	8.7326e-16
1.464e+6	6.7654e-16
1.613e+6	5.2412e-16
1.776e+6	4.0603e-16
1.956e+6	3.1446e-16
2.153e+6	2.4115e-16