8.862e-2	5.8998e-5
9.300e-2	6.7177e-5
9.759e-2	7.6292e-5
1.024e-1	8.6520e-5
1.075e-1	9.8133e-5
1.128e-1	1.1132e-4
1.184e-1	1.2630e-4
1.242e-1	1.4331e-4
1.303e-1	1.6263e-4
1.368e-1	1.8457e-4
1.436e-1	2.0949e-4
1.507e-1	2.3779e-4
1.581e-1	2.6992e-4
1.659e-1	3.0640e-4
1.741e-1	3.4780e-4
1.828e-1	3.9480e-4
1.918e-1	4.4813e-4
2.013e-1	5.0863e-4
2.113e-1	5.7725e-4
2.217e-1	6.5505e-4
2.327e-1	7.4324e-4
2.442e-1	8.4316e-4
2.564e-1	9.5632e-4
2.691e-1	1.0844e-3
2.824e-1	1.2293e-3
2.965e-1	1.3932e-3
3.112e-1	1.5784e-3
3.267e-1	1.7874e-3
3.429e-1	2.0232e-3
3.600e-1	2.2890e-3
3.779e-1	2.5884e-3
3.968e-1	2.9251e-3
4.166e-1	3.3036e-3
4.374e-1	3.7285e-3
4.593e-1	4.2050e-3
4.823e-1	4.7382e-3
5.065e-1	5.3337e-3
5.320e-1	5.9972e-3
5.588e-1	6.7344e-3
5.870e-1	7.5512e-3
6.167e-1	8.4530e-3
6.479e-1	9.4448e-3
6.809e-1	1.0531e-2
7.155e-1	1.1713e-2
7.521e-1	1.2993e-2
7.907e-1	1.4371e-2
8.314e-1	1.5848e-2
8.743e-1	1.7422e-2
9.197e-1	1.9088e-2
9.677e-1	2.0839e-2
1.018e+0	2.2660e-2
1.072e+0	2.4534e-2
1.129e+0	2.6436e-2
1.189e+0	2.8331e-2
1.253e+0	3.0181e-2
1.321e+0	3.1942e-2
1.393e+0	3.3572e-2
1.469e+0	3.5032e-2
1.551e+0	3.6286e-2
1.638e+0	3.7291e-2
1.730e+0	3.7991e-2
1.829e+0	3.8346e-2
1.935e+0	3.8323e-2
2.049e+0	3.7878e-2
2.170e+0	3.6965e-2
2.301e+0	3.5587e-2
2.441e+0	3.3780e-2
2.592e+0	3.1615e-2
2.755e+0	2.9178e-2
2.931e+0	2.6580e-2
3.121e+0	2.3899e-2
3.326e+0	2.1211e-2
3.549e+0	1.8597e-2
3.791e+0	1.6117e-2
4.054e+0	1.3819e-2
4.340e+0	1.1742e-2
4.651e+0	9.9072e-3
4.990e+0	8.3226e-3
5.360e+0	6.9676e-3
5.765e+0	5.8150e-3
6.207e+0	4.8406e-3
6.690e+0	4.0141e-3
7.220e+0	3.3123e-3
7.800e+0	2.7182e-3
8.436e+0	2.2166e-3
9.134e+0	1.7974e-3
9.900e+0	1.4510e-3
1.074e+1	1.1698e-3
1.166e+1	9.4125e-4
1.268e+1	7.5451e-4
1.379e+1	6.0225e-4
1.502e+1	4.7872e-4
1.637e+1	3.7897e-4
1.785e+1	2.9875e-4
1.949e+1	2.3458e-4
2.128e+1	1.8349e-4
2.326e+1	1.4291e-4
2.543e+1	1.1081e-4
2.782e+1	8.5618e-5
3.046e+1	6.5976e-5
3.336e+1	5.0720e-5
3.655e+1	3.8909e-5
4.006e+1	2.9788e-5
4.393e+1	2.2759e-5
4.819e+1	1.7351e-5
5.288e+1	1.3204e-5
5.805e+1	1.0034e-5
6.373e+1	7.6145e-6
6.999e+1	5.7720e-6
7.689e+1	4.3710e-6
8.448e+1	3.3071e-6
9.284e+1	2.5001e-6
1.020e+2	1.8885e-6
1.122e+2	1.4246e-6
1.233e+2	1.0736e-6
1.356e+2	8.0860e-7
1.492e+2	6.0890e-7
1.641e+2	4.5851e-7
1.805e+2	3.4533e-7
1.985e+2	2.6017e-7
2.184e+2	1.9609e-7
2.403e+2	1.4787e-7
2.645e+2	1.1159e-7
2.910e+2	8.4295e-8
3.203e+2	6.3739e-8
3.525e+2	4.8249e-8
3.880e+2	3.6566e-8
4.271e+2	2.7745e-8
4.701e+2	2.1077e-8
5.174e+2	1.6030e-8
5.696e+2	1.2205e-8
6.270e+2	9.3022e-9
6.903e+2	7.0966e-9
7.600e+2	5.4187e-9
8.367e+2	4.1406e-9
9.211e+2	3.1662e-9
1.014e+3	2.4224e-9
1.117e+3	1.8544e-9
1.229e+3	1.4203e-9
1.354e+3	1.0882e-9
1.490e+3	8.3407e-10
1.641e+3	6.3950e-10
1.807e+3	4.9046e-10
1.989e+3	3.7628e-10
2.190e+3	2.8888e-10
2.412e+3	2.2191e-10
2.656e+3	1.7053e-10
2.924e+3	1.3107e-10
3.220e+3	1.0076e-10
3.546e+3	7.7478e-11
3.904e+3	5.9589e-11
4.299e+3	4.5840e-11
4.734e+3	3.5272e-11
5.213e+3	2.7146e-11
5.740e+3	2.0897e-11
6.320e+3	1.6090e-11
6.960e+3	1.2392e-11
7.664e+3	9.5466e-12
8.439e+3	7.3562e-12
9.293e+3	5.6699e-12
1.023e+4	4.3712e-12
1.127e+4	3.3709e-12
1.241e+4	2.6002e-12
1.366e+4	2.0063e-12
1.505e+4	1.5484e-12
1.657e+4	1.1954e-12
1.824e+4	9.2309e-13
2.009e+4	7.1302e-13
2.212e+4	5.5091e-13
2.436e+4	4.2578e-13
2.683e+4	3.2916e-13
2.954e+4	2.5454e-13
3.253e+4	1.9689e-13
3.582e+4	1.5234e-13
3.944e+4	1.1790e-13
4.343e+4	9.1271e-14
4.783e+4	7.0677e-14
5.267e+4	5.4743e-14
5.800e+4	4.2413e-14
6.387e+4	3.2869e-14
7.033e+4	2.5479e-14
7.744e+4	1.9755e-14
8.528e+4	1.5321e-14
9.391e+4	1.1886e-14
1.034e+5	9.2224e-15
1.139e+5	7.1576e-15
1.254e+5	5.5564e-15
1.381e+5	4.3144e-15
1.521e+5	3.3507e-15
1.674e+5	2.6029e-15
1.844e+5	2.0224e-15
2.030e+5	1.5717e-15
2.236e+5	1.2216e-15
2.462e+5	9.4975e-16
2.711e+5	7.3852e-16
2.986e+5	5.7437e-16
3.288e+5	4.4679e-16
3.620e+5	3.4761e-16
3.987e+5	2.7049e-16
4.390e+5	2.1052e-16
4.834e+5	1.6387e-16
5.323e+5	1.2757e-16
5.862e+5	9.9334e-17
6.455e+5	7.7357e-17
7.108e+5	6.0251e-17
7.827e+5	4.6934e-17
8.619e+5	3.6565e-17
9.492e+5	2.8491e-17
1.045e+6	2.2202e-17
1.151e+6	1.7304e-17
1.267e+6	1.3487e-17
1.396e+6	1.0514e-17
1.537e+6	8.1971e-18
1.692e+6	6.3914e-18
1.864e+6	4.9838e-18
2.052e+6	3.8519e-18