8.923e-2	5.2432e-5
9.363e-2	5.9708e-5
9.826e-2	6.7633e-5
1.031e-1	7.6619e-5
1.082e-1	8.6809e-5
1.136e-1	9.8364e-5
1.192e-1	1.1147e-4
1.251e-1	1.2632e-4
1.312e-1	1.4317e-4
1.377e-1	1.6226e-4
1.445e-1	1.8391e-4
1.517e-1	2.0844e-4
1.592e-1	2.3624e-4
1.671e-1	2.6773e-4
1.753e-1	3.0339e-4
1.840e-1	3.4378e-4
1.931e-1	3.8949e-4
2.027e-1	4.4121e-4
2.127e-1	4.9972e-4
2.232e-1	5.6586e-4
2.343e-1	6.4061e-4
2.459e-1	7.2503e-4
2.581e-1	8.2031e-4
2.709e-1	9.2779e-4
2.844e-1	1.0489e-3
2.985e-1	1.1854e-3
3.133e-1	1.3389e-3
3.289e-1	1.5115e-3
3.453e-1	1.7053e-3
3.624e-1	1.9228e-3
3.805e-1	2.1665e-3
3.995e-1	2.4392e-3
4.194e-1	2.7442e-3
4.404e-1	3.0845e-3
4.624e-1	3.4639e-3
4.856e-1	3.8860e-3
5.100e-1	4.3543e-3
5.356e-1	4.8725e-3
5.626e-1	5.4440e-3
5.910e-1	6.0721e-3
6.209e-1	6.7599e-3
6.524e-1	7.5095e-3
6.855e-1	8.3225e-3
7.204e-1	9.2000e-3
7.573e-1	1.0141e-2
7.961e-1	1.1145e-2
8.371e-1	1.2212e-2
8.803e-1	1.3335e-2
9.260e-1	1.4507e-2
9.743e-1	1.5718e-2
1.025e+0	1.6958e-2
1.079e+0	1.8214e-2
1.137e+0	1.9465e-2
1.197e+0	2.0691e-2
1.261e+0	2.1864e-2
1.330e+0	2.2954e-2
1.402e+0	2.3929e-2
1.479e+0	2.4750e-2
1.561e+0	2.5382e-2
1.649e+0	2.5809e-2
1.742e+0	2.6024e-2
1.842e+0	2.6015e-2
1.948e+0	2.5770e-2
2.063e+0	2.5277e-2
2.185e+0	2.4525e-2
2.316e+0	2.3551e-2
2.458e+0	2.2372e-2
2.610e+0	2.1010e-2
2.774e+0	1.9501e-2
2.951e+0	1.7909e-2
3.142e+0	1.6246e-2
3.349e+0	1.4547e-2
3.574e+0	1.2861e-2
3.817e+0	1.1234e-2
4.082e+0	9.7094e-3
4.369e+0	8.3163e-3
4.683e+0	7.0726e-3
5.024e+0	5.9873e-3
5.397e+0	5.0424e-3
5.804e+0	4.2270e-3
6.249e+0	3.5316e-3
6.736e+0	2.9367e-3
7.269e+0	2.4293e-3
7.854e+0	1.9985e-3
8.494e+0	1.6340e-3
9.197e+0	1.3287e-3
9.968e+0	1.0756e-3
1.081e+1	8.6855e-4
1.174e+1	6.9874e-4
1.277e+1	5.5936e-4
1.389e+1	4.4558e-4
1.512e+1	3.5337e-4
1.648e+1	2.7907e-4
1.798e+1	2.1947e-4
1.962e+1	1.7196e-4
2.143e+1	1.3424e-4
2.342e+1	1.0440e-4
2.560e+1	8.0896e-5
2.801e+1	6.2500e-5
3.067e+1	4.8170e-5
3.359e+1	3.7046e-5
3.680e+1	2.8436e-5
4.034e+1	2.1788e-5
4.423e+1	1.6665e-5
4.852e+1	1.2723e-5
5.324e+1	9.6997e-6
5.844e+1	7.3860e-6
6.417e+1	5.6185e-6
7.047e+1	4.2701e-6
7.741e+1	3.2429e-6
8.506e+1	2.4613e-6
9.347e+1	1.8670e-6
1.027e+2	1.4154e-6
1.129e+2	1.0721e-6
1.242e+2	8.1161e-7
1.366e+2	6.1435e-7
1.502e+2	4.6509e-7
1.652e+2	3.5219e-7
1.817e+2	2.6681e-7
1.999e+2	2.0225e-7
2.199e+2	1.5340e-7
2.420e+2	1.1645e-7
2.663e+2	8.8483e-8
2.930e+2	6.7309e-8
3.225e+2	5.1264e-8
3.549e+2	3.9095e-8
3.906e+2	2.9854e-8
4.300e+2	2.2828e-8
4.733e+2	1.7478e-8
5.210e+2	1.3400e-8
5.735e+2	1.0285e-8
6.313e+2	7.9040e-9
6.950e+2	6.0803e-9
7.652e+2	4.6819e-9
8.424e+2	3.6083e-9
9.274e+2	2.7830e-9
1.021e+3	2.1479e-9
1.124e+3	1.6591e-9
1.238e+3	1.2823e-9
1.363e+3	9.9148e-10
1.500e+3	7.6696e-10
1.652e+3	5.9351e-10
1.819e+3	4.5944e-10
2.003e+3	3.5577e-10
2.205e+3	2.7566e-10
2.428e+3	2.1368e-10
2.674e+3	1.6568e-10
2.944e+3	1.2848e-10
3.242e+3	9.9657e-11
3.570e+3	7.7314e-11
3.931e+3	5.9991e-11
4.328e+3	4.6557e-11
4.766e+3	3.6138e-11
5.248e+3	2.8055e-11
5.779e+3	2.1783e-11
6.364e+3	1.6916e-11
7.007e+3	1.3139e-11
7.716e+3	1.0206e-11
8.497e+3	7.9295e-12
9.356e+3	6.1616e-12
1.030e+4	4.7885e-12
1.135e+4	3.7220e-12
1.249e+4	2.8934e-12
1.376e+4	2.2496e-12
1.515e+4	1.7493e-12
1.668e+4	1.3605e-12
1.837e+4	1.0582e-12
2.023e+4	8.2322e-13
2.227e+4	6.4050e-13
2.453e+4	4.9840e-13
2.701e+4	3.8788e-13
2.974e+4	3.0190e-13
3.275e+4	2.3501e-13
3.606e+4	1.8297e-13
3.971e+4	1.4247e-13
4.373e+4	1.1094e-13
4.816e+4	8.6404e-14
5.303e+4	6.7301e-14
5.839e+4	5.2428e-14
6.430e+4	4.0846e-14
7.081e+4	3.1826e-14
7.797e+4	2.4800e-14
8.586e+4	1.9328e-14
9.455e+4	1.5064e-14
1.041e+5	1.1743e-14
1.147e+5	9.1540e-15
1.263e+5	7.1368e-15
1.390e+5	5.5646e-15
1.531e+5	4.3392e-15
1.686e+5	3.3839e-15
1.856e+5	2.6391e-15
2.044e+5	2.0584e-15
2.251e+5	1.6056e-15
2.479e+5	1.2525e-15
2.730e+5	9.7716e-16
3.006e+5	7.6239e-16
3.310e+5	5.9486e-16
3.645e+5	4.6417e-16
4.014e+5	3.6222e-16
4.420e+5	2.8268e-16
4.867e+5	2.2062e-16
5.360e+5	1.7220e-16
5.902e+5	1.3441e-16
6.499e+5	1.0492e-16
7.157e+5	8.1902e-17
7.881e+5	6.3939e-17
8.678e+5	4.9918e-17
9.556e+5	3.8974e-17
1.052e+6	3.0430e-17
1.159e+6	2.3761e-17
1.276e+6	1.8554e-17
1.405e+6	1.4488e-17
1.547e+6	1.1314e-17
1.704e+6	8.8360e-18
1.876e+6	6.9004e-18
2.066e+6	5.3318e-18