8.635e-2	9.9208e-4
9.061e-2	1.1185e-3
9.509e-2	1.2549e-3
9.979e-2	1.4075e-3
1.047e-1	1.5785e-3
1.099e-1	1.7700e-3
1.153e-1	1.9846e-3
1.210e-1	2.2250e-3
1.270e-1	2.4940e-3
1.333e-1	2.7951e-3
1.399e-1	3.1318e-3
1.468e-1	3.5083e-3
1.541e-1	3.9290e-3
1.617e-1	4.3988e-3
1.697e-1	4.9232e-3
1.781e-1	5.5080e-3
1.869e-1	6.1599e-3
1.961e-1	6.8858e-3
2.058e-1	7.6935e-3
2.160e-1	8.5913e-3
2.267e-1	9.5885e-3
2.380e-1	1.0695e-2
2.498e-1	1.1920e-2
2.622e-1	1.3276e-2
2.752e-1	1.4775e-2
2.889e-1	1.6428e-2
3.032e-1	1.8249e-2
3.183e-1	2.0251e-2
3.341e-1	2.2449e-2
3.508e-1	2.4856e-2
3.682e-1	2.7488e-2
3.866e-1	3.0358e-2
4.059e-1	3.3482e-2
4.262e-1	3.6873e-2
4.475e-1	4.0545e-2
4.700e-1	4.4508e-2
4.935e-1	4.8771e-2
5.184e-1	5.3335e-2
5.445e-1	5.8200e-2
5.719e-1	6.3359e-2
6.009e-1	6.8800e-2
6.313e-1	7.4502e-2
6.634e-1	8.0435e-2
6.972e-1	8.6563e-2
7.328e-1	9.2836e-2
7.704e-1	9.9204e-2
8.101e-1	1.0561e-1
8.519e-1	1.1199e-1
8.961e-1	1.1824e-1
9.428e-1	1.2425e-1
9.922e-1	1.2995e-1
1.045e+0	1.3522e-1
1.100e+0	1.3994e-1
1.159e+0	1.4402e-1
1.221e+0	1.4734e-1
1.287e+0	1.4981e-1
1.357e+0	1.5136e-1
1.432e+0	1.5192e-1
1.511e+0	1.5142e-1
1.596e+0	1.4988e-1
1.686e+0	1.4737e-1
1.782e+0	1.4392e-1
1.886e+0	1.3956e-1
1.996e+0	1.3433e-1
2.115e+0	1.2827e-1
2.242e+0	1.2148e-1
2.378e+0	1.1407e-1
2.526e+0	1.0614e-1
2.684e+0	9.7842e-2
2.856e+0	8.9390e-2
3.041e+0	8.0885e-2
3.241e+0	7.2430e-2
3.458e+0	6.4173e-2
3.694e+0	5.6271e-2
3.950e+0	4.8876e-2
4.228e+0	4.2101e-2
4.532e+0	3.6015e-2
4.862e+0	3.0656e-2
5.223e+0	2.5971e-2
5.617e+0	2.1906e-2
6.048e+0	1.8416e-2
6.519e+0	1.5420e-2
7.035e+0	1.2851e-2
7.600e+0	1.0656e-2
8.220e+0	8.7866e-3
8.900e+0	7.2064e-3
9.646e+0	5.8826e-3
1.047e+1	4.7839e-3
1.137e+1	3.8762e-3
1.235e+1	3.1263e-3
1.344e+1	2.5097e-3
1.464e+1	2.0063e-3
1.595e+1	1.5976e-3
1.740e+1	1.2674e-3
1.899e+1	1.0020e-3
2.073e+1	7.8962e-4
2.266e+1	6.2019e-4
2.478e+1	4.8550e-4
2.711e+1	3.7903e-4
2.968e+1	2.9524e-4
3.250e+1	2.2952e-4
3.561e+1	1.7813e-4
3.904e+1	1.3802e-4
4.281e+1	1.0678e-4
4.696e+1	8.2482e-5
5.153e+1	6.3633e-5
5.656e+1	4.9039e-5
6.210e+1	3.7758e-5
6.820e+1	2.9050e-5
7.492e+1	2.2335e-5
8.231e+1	1.7162e-5
9.046e+1	1.3182e-5
9.942e+1	1.0120e-5
1.093e+2	7.7644e-6
1.202e+2	5.9548e-6
1.321e+2	4.5665e-6
1.453e+2	3.5023e-6
1.599e+2	2.6868e-6
1.758e+2	2.0621e-6
1.934e+2	1.5836e-6
2.128e+2	1.2169e-6
2.342e+2	9.3586e-7
2.577e+2	7.2043e-7
2.836e+2	5.5520e-7
3.121e+2	4.2838e-7
3.435e+2	3.3095e-7
3.780e+2	2.5602e-7
4.161e+2	1.9832e-7
4.580e+2	1.5382e-7
5.042e+2	1.1946e-7
5.550e+2	9.2883e-8
6.110e+2	7.2300e-8
6.726e+2	5.6334e-8
7.405e+2	4.3933e-8
8.152e+2	3.4289e-8
8.975e+2	2.6780e-8
9.881e+2	2.0928e-8
1.088e+3	1.6366e-8
1.198e+3	1.2804e-8
1.319e+3	1.0020e-8
1.452e+3	7.8438e-9
1.599e+3	6.1414e-9
1.760e+3	4.8093e-9
1.938e+3	3.7666e-9
2.134e+3	2.9509e-9
2.350e+3	2.3123e-9
2.588e+3	1.8120e-9
2.849e+3	1.4200e-9
3.137e+3	1.1128e-9
3.455e+3	8.7198e-10
3.804e+3	6.8328e-10
4.189e+3	5.3540e-10
4.612e+3	4.1951e-10
5.079e+3	3.2869e-10
5.593e+3	2.5751e-10
6.158e+3	2.0174e-10
6.781e+3	1.5804e-10
7.467e+3	1.2379e-10
8.223e+3	9.6965e-11
9.054e+3	7.5946e-11
9.970e+3	5.9480e-11
1.098e+4	4.6581e-11
1.209e+4	3.6478e-11
1.331e+4	2.8564e-11
1.466e+4	2.2366e-11
1.614e+4	1.7512e-11
1.778e+4	1.3710e-11
1.957e+4	1.0734e-11
2.156e+4	8.4026e-12
2.374e+4	6.5776e-12
2.614e+4	5.1487e-12
2.878e+4	4.0300e-12
3.169e+4	3.1543e-12
3.490e+4	2.4687e-12
3.843e+4	1.9321e-12
4.232e+4	1.5120e-12
4.660e+4	1.1832e-12
5.132e+4	9.2592e-13
5.651e+4	7.2453e-13
6.223e+4	5.6692e-13
6.852e+4	4.4358e-13
7.546e+4	3.4706e-13
8.309e+4	2.7154e-13
9.150e+4	2.1244e-13
1.008e+5	1.6620e-13
1.110e+5	1.3002e-13
1.222e+5	1.0171e-13
1.345e+5	7.9568e-14
1.482e+5	6.2242e-14
1.631e+5	4.8687e-14
1.797e+5	3.8084e-14
1.978e+5	2.9788e-14
2.179e+5	2.3300e-14
2.399e+5	1.8224e-14
2.642e+5	1.4254e-14
2.909e+5	1.1148e-14
3.203e+5	8.7189e-15
3.527e+5	6.8189e-15
3.884e+5	5.3329e-15
4.277e+5	4.1707e-15
4.710e+5	3.2617e-15
5.187e+5	2.5507e-15
5.712e+5	1.9947e-15
6.290e+5	1.5599e-15
6.926e+5	1.2198e-15
7.627e+5	9.5389e-16
8.398e+5	7.4592e-16
9.248e+5	5.8329e-16
1.018e+6	4.5611e-16
1.121e+6	3.5665e-16
1.235e+6	2.7888e-16
1.360e+6	2.1807e-16
1.497e+6	1.7051e-16
1.649e+6	1.3333e-16
1.816e+6	1.0424e-16
2.000e+6	8.0675e-17