8.635e-2	7.7955e-3
9.061e-2	8.8560e-3
9.509e-2	1.0007e-2
9.979e-2	1.1304e-2
1.047e-1	1.2766e-2
1.099e-1	1.4417e-2
1.153e-1	1.6280e-2
1.210e-1	1.8382e-2
1.270e-1	2.0752e-2
1.333e-1	2.3423e-2
1.399e-1	2.6434e-2
1.468e-1	2.9823e-2
1.541e-1	3.3639e-2
1.617e-1	3.7930e-2
1.697e-1	4.2755e-2
1.781e-1	4.8173e-2
1.869e-1	5.4255e-2
1.961e-1	6.1075e-2
2.058e-1	6.8715e-2
2.160e-1	7.7265e-2
2.267e-1	8.6822e-2
2.380e-1	9.7490e-2
2.498e-1	1.0938e-1
2.622e-1	1.2262e-1
2.752e-1	1.3733e-1
2.889e-1	1.5365e-1
3.032e-1	1.7171e-1
3.183e-1	1.9166e-1
3.341e-1	2.1364e-1
3.508e-1	2.3780e-1
3.682e-1	2.6428e-1
3.866e-1	2.9323e-1
4.059e-1	3.2475e-1
4.262e-1	3.5896e-1
4.475e-1	3.9592e-1
4.700e-1	4.3566e-1
4.935e-1	4.7813e-1
5.184e-1	5.2322e-1
5.445e-1	5.7065e-1
5.719e-1	6.2013e-1
6.009e-1	6.7117e-1
6.313e-1	7.2311e-1
6.634e-1	7.7507e-1
6.972e-1	8.2603e-1
7.328e-1	8.7479e-1
7.704e-1	9.2019e-1
8.101e-1	9.6101e-1
8.519e-1	9.9612e-1
8.961e-1	1.0247e+0
9.428e-1	1.0463e+0
9.922e-1	1.0611e+0
1.045e+0	1.0692e+0
1.100e+0	1.0710e+0
1.159e+0	1.0668e+0
1.221e+0	1.0569e+0
1.287e+0	1.0414e+0
1.357e+0	1.0204e+0
1.432e+0	9.9403e-1
1.511e+0	9.6245e-1
1.596e+0	9.2612e-1
1.686e+0	8.8566e-1
1.782e+0	8.4157e-1
1.886e+0	7.9430e-1
1.996e+0	7.4452e-1
2.115e+0	6.9296e-1
2.242e+0	6.4042e-1
2.378e+0	5.8774e-1
2.526e+0	5.3576e-1
2.684e+0	4.8519e-1
2.856e+0	4.3685e-1
3.041e+0	3.9067e-1
3.241e+0	3.4690e-1
3.458e+0	3.0581e-1
3.694e+0	2.6760e-1
3.950e+0	2.3253e-1
4.228e+0	2.0075e-1
4.532e+0	1.7233e-1
4.862e+0	1.4727e-1
5.223e+0	1.2529e-1
5.617e+0	1.0617e-1
6.048e+0	8.9718e-2
6.519e+0	7.5540e-2
7.035e+0	6.3339e-2
7.600e+0	5.2871e-2
8.220e+0	4.3900e-2
8.900e+0	3.6276e-2
9.646e+0	2.9843e-2
1.047e+1	2.4449e-2
1.137e+1	1.9948e-2
1.235e+1	1.6201e-2
1.344e+1	1.3100e-2
1.464e+1	1.0550e-2
1.595e+1	8.4652e-3
1.740e+1	6.7676e-3
1.899e+1	5.3926e-3
2.073e+1	4.2837e-3
2.266e+1	3.3923e-3
2.478e+1	2.6785e-3
2.711e+1	2.1095e-3
2.968e+1	1.6576e-3
3.250e+1	1.2999e-3
3.561e+1	1.0176e-3
3.904e+1	7.9517e-4
4.281e+1	6.2037e-4
4.696e+1	4.8321e-4
5.153e+1	3.7587e-4
5.656e+1	2.9203e-4
6.210e+1	2.2666e-4
6.820e+1	1.7576e-4
7.492e+1	1.3618e-4
8.231e+1	1.0544e-4
9.046e+1	8.1588e-5
9.942e+1	6.3098e-5
1.093e+2	4.8765e-5
1.202e+2	3.7670e-5
1.321e+2	2.9093e-5
1.453e+2	2.2466e-5
1.599e+2	1.7350e-5
1.758e+2	1.3400e-5
1.934e+2	1.0353e-5
2.128e+2	8.0003e-6
2.342e+2	6.1849e-6
2.577e+2	4.7841e-6
2.836e+2	3.7030e-6
3.121e+2	2.8682e-6
3.435e+2	2.2234e-6
3.780e+2	1.7249e-6
4.161e+2	1.3392e-6
4.580e+2	1.0406e-6
5.042e+2	8.0926e-7
5.550e+2	6.2979e-7
6.110e+2	4.9045e-7
6.726e+2	3.8218e-7
7.405e+2	2.9797e-7
8.152e+2	2.3243e-7
8.975e+2	1.8137e-7
9.881e+2	1.4158e-7
1.088e+3	1.1058e-7
1.198e+3	8.6394e-8
1.319e+3	6.7508e-8
1.452e+3	5.2756e-8
1.599e+3	4.1230e-8
1.760e+3	3.2223e-8
1.938e+3	2.5184e-8
2.134e+3	1.9685e-8
2.350e+3	1.5387e-8
2.588e+3	1.2028e-8
2.849e+3	9.4005e-9
3.137e+3	7.3466e-9
3.455e+3	5.7408e-9
3.804e+3	4.4856e-9
4.189e+3	3.5044e-9
4.612e+3	2.7375e-9
5.079e+3	2.1382e-9
5.593e+3	1.6699e-9
6.158e+3	1.3040e-9
6.781e+3	1.0181e-9
7.467e+3	7.9486e-10
8.223e+3	6.2047e-10
9.054e+3	4.8429e-10
9.970e+3	3.7795e-10
1.098e+4	2.9493e-10
1.209e+4	2.3012e-10
1.331e+4	1.7953e-10
1.466e+4	1.4005e-10
1.614e+4	1.0924e-10
1.778e+4	8.5204e-11
1.957e+4	6.6447e-11
2.156e+4	5.1815e-11
2.374e+4	4.0402e-11
2.614e+4	3.1499e-11
2.878e+4	2.4557e-11
3.169e+4	1.9143e-11
3.490e+4	1.4921e-11
3.843e+4	1.1630e-11
4.232e+4	9.0637e-12
4.660e+4	7.0633e-12
5.132e+4	5.5041e-12
5.651e+4	4.2888e-12
6.223e+4	3.3416e-12
6.852e+4	2.6034e-12
7.546e+4	2.0282e-12
8.309e+4	1.5800e-12
9.150e+4	1.2308e-12
1.008e+5	9.5869e-13
1.110e+5	7.4672e-13
1.222e+5	5.8158e-13
1.345e+5	4.5295e-13
1.482e+5	3.5275e-13
1.631e+5	2.7470e-13
1.797e+5	2.1392e-13
1.978e+5	1.6657e-13
2.179e+5	1.2970e-13
2.399e+5	1.0099e-13
2.642e+5	7.8632e-14
2.909e+5	6.1221e-14
3.203e+5	4.7663e-14
3.527e+5	3.7107e-14
3.884e+5	2.8888e-14
4.277e+5	2.2489e-14
4.710e+5	1.7507e-14
5.187e+5	1.3628e-14
5.712e+5	1.0608e-14
6.290e+5	8.2574e-15
6.926e+5	6.4274e-15
7.627e+5	5.0029e-15
8.398e+5	3.8940e-15
9.248e+5	3.0308e-15
1.018e+6	2.3590e-15
1.121e+6	1.8360e-15
1.235e+6	1.4289e-15
1.360e+6	1.1121e-15
1.497e+6	8.6552e-16
1.649e+6	6.7359e-16
1.816e+6	5.2419e-16
2.000e+6	4.0388e-16